0.000000 32.28
0.000588 33.21
0.001176 33.86
0.001765 34.23
0.002353 34.60
0.002941 34.79
0.003529 34.88
0.004118 34.98
0.007059 35.16
0.010000 35.35
0.012941 35.53
0.015882 35.81
0.018824 36.00
0.021765 36.09
0.024706 36.28
0.027647 36.47
0.030588 36.74
0.033529 37.02
0.036471 37.21
0.039412 37.58
0.042353 37.86
0.045294 38.23
0.048235 38.70
0.051176 39.07
0.054118 40.58
0.054706 42.64
0.055294 44.68
0.055882 47.46
0.056471 50.91
0.057059 58.33
0.057647 59.15
0.058235 60.87
0.058824 67.20
0.059412 69.42
0.060000 70.59
0.060588 74.34
0.061176 76.36
0.061765 77.78
0.062353 92.31
0.063529 97.67
0.064706 101.20
0.065882 105.00
0.067059 127.27
0.068235 131.25
0.069412 135.48
0.070588 140.00
0.071765 168.00
0.072941 178.72
0.074118 182.61
0.075294 190.91
0.076471 195.35
0.077647 200.00
0.078824 240.00
0.080000 270.97
0.081176 289.66
0.082353 300.00
0.083529 311.11
0.084706 323.08
0.085882 336.00
0.087059 350.00
0.088235 365.22
0.089412 420.00
0.090588 466.67
0.091765 494.12
0.092941 525.00
0.094118 560.00
0.095294 600.00
0.096471 646.15
0.097647 700.00
0.098824 763.64
0.100000 840.00

