0.000000 5.18
0.000588 5.33
0.001176 5.43
0.001765 5.49
0.002353 5.55
0.002941 5.58
0.003529 5.60
0.004118 5.61
0.007059 5.64
0.010000 5.67
0.012941 5.70
0.015882 5.70
0.018824 5.75
0.021765 5.78
0.024706 5.79
0.027647 5.82
0.030588 5.85
0.033529 5.90
0.036471 5.94
0.039412 5.97
0.042353 6.03
0.045294 6.08
0.048235 6.13
0.051176 6.21
0.054118 6.27
0.054706 6.51
0.055294 6.84
0.055882 7.17
0.056471 7.62
0.057059 8.17
0.057647 9.36
0.058235 9.49
0.058824 9.77
0.059412 10.78
0.060000 11.14
0.060588 11.33
0.061176 11.93
0.061765 12.25
0.062353 12.48
0.063529 14.81
0.064706 15.67
0.065882 16.24
0.067059 16.85
0.068235 20.42
0.069412 21.06
0.070588 21.74
0.071765 22.46
0.072941 26.96
0.074118 28.68
0.075294 29.30
0.076471 30.63
0.077647 31.35
0.078824 32.09
0.080000 38.51
0.081176 43.48
0.082353 46.48
0.083529 48.14
0.084706 49.92
0.085882 51.84
0.087059 53.92
0.088235 56.16
0.089412 58.60
0.090588 67.39
0.091765 74.88
0.092941 79.29
0.094118 84.24
0.095294 89.86
0.096471 96.28
0.097647 103.68
0.098824 112.32
0.100000 122.53
